299
299
303
298
304
296
301
297
299
301
296
297
303
301
299
299
301
303
302
298
301
299
298
300
302
302
299
298
304
299
298
301
300
301
300
299
298
298
300
301
299
299
300
299
301
294
304
307
295
298
297
291
300
302
275
299
290
318
290
311
297
274
240
313
282
352
317
283
336
280
323
261
318
332
281
322
302
289
294
299
286
299
295
309
313
275
307
301
335
318
287
290
273
279
322
311
311
313
299
286
258
325
303
317
316
314
286
266
222
337
330
327
321
307
291
228
279
330
332
344
322
277
278
240
336
317
301
325
277
312
271
277
321
306
332
317
297
266
264
323
283
337
349
287
276
290
326
277
353
317
286
292
240
310
295
335
344
307
289
279
243
352
261
368
320
300
260
213
336
325
351
320
303
290
211
313
317
319
328
308
301
267
249
308
334
337
309
297
265
282
259
344
319
331
307
293
257
286
290
332
325
305
305
278
273
286
293
349
329
310
297
264
244
346
275
333
323
306
282
246
271
312
346
324
298
287
272
279
313
311
307
321
307
270
309
278
330
312
300
304
299
296
288
299
307
307
300
300
298
298
295
293
301
309
298
297
297
298
295
305
295
291
305
301
296
302
294
300
303
302
297
299
299
302
300
298
294
300
300
294
302
300
303
299
293
301
299
294
305
305
296
296
301
300
298
297
298
296
306
303
295
304
297
301
298
297
302
301
291
302
303
301
299
298
303
296
297
300
299
301
298
301
293
305
299
297
296
305
299
299
301
295
300
300
300
303
298
300
304
298
305
295
300
298
301
300
303
303
299
298
298
296
302
297
306
301
298
304
298
297
296
298
287
308
301
302
300
300
300
299
293
298
299
300
303
299
299
299
296
296
300
302
295
307
300
302
292
300
292
299
303
307
303
297
298
298
301
300
301
303
300
298
301
301
296
300
298
300
301
299
301
300
298
299
300
302
299
301
300
299
300
298
295
300
306
298
303
299
301
300
298
302
300
302
298
298
300
299
299
299
301
303
298
302
295
299
299
295
306
308
298
295
302
288
302
294
298
290
292
306
313
293
285
279
286
250
306
346
339
308
294
279
268
331
280
321
335
306
290
281
292
303
309
330
305
297
286
290
292
260
347
315
319
293
307
290
223
346
292
265
365
282
332
245
297
292
305
369
332
299
273
169
351
364
348
320
300
236
260
312
323
332
340
315
259
262
239
329
330
354
294
286
241
284
324
295
315
345
306
288
213
324
304
306
364
310
288
228
262
340
314
333
332
304
283
230
277
328
329
336
316
306
258
254
297
353
290
333
305
276
266
269
338
288
346
313
302
290
264
286
294
333
321
307
302
286
272
317
315
307
305
302
292
278
241
350
318
309
295
300
260
294
329
311
300
296
276
308
298
304
316
305
288
302
294
303
284
296
312
306
299
297
294
283
299
305
303
302
297
299
291
306
301
299
289
307
310
299
298
298
294
300
297
303
300
299
299
300
298
299
297
299
299
300
296
301
304
297
297
304
297
299
291
307
300
300
298
299
299
296
302
299
295
303
300
302
297
298
300
300
297
305
293
303
296
294
307
301
299
301
304
297
306
297
299
300
300
302
298
300
302
299
298
301
299
300
297
299
303
299
301
303
299
298
296
301
300
298
303
301
299
298
297
303
297
299
302
303
300
301
297
299
298
303
299
299
299
297
298
302
302
304
300
299
300
300
298
303
301
297
299
298
298
301
299
303
298
301
299
300
298
297
300
305
301
299
298
300
298
300
300
300
305
298
301
297
298
300
301
302
294
300
301
301
301
300
297
299
299
300
303
301
303
296
297
300
301
302
300
299
300
298
297
298
300
301
303
300
299
299
298
297
298
303
297
302
305
301
294
290
288
305
307
291
296
297
312
296
300
263
278
263
348
310
320
276
315
291
296
294
311
320
298
292
272
331
270
311
288
319
322
279
307
278
301
301
288
359
322
293
255
274
315
305
325
330
283
285
292
286
312
317
301
279
302
300
332
317
296
281
316
275
283
317
327
292
308
297
264
219
375
337
325
297
273
255
291
324
308
341
320
306
268
216
299
338
349
300
315
292
231
264
333
347
309
320
263
270
289
263
332
353
295
309
292
219
312
317
352
309
301
273
243
293
344
340
300
295
290
201
325
346
303
342
311
269
258
297
321
335
308
320
249
273
320
314
317
325
305
291
221
297
315
313
355
304
303
242
253
319
314
339
338
290
283
225
310
333
330
315
311
286
274
260
275
355
341
311
303
296
289
284
292
314
318
299
295
294
298
290
