245
392
231
360
318
375
294
307
290
223
354
284
378
305
302
281
349
262
279
327
326
342
288
293
224
331
261
363
313
308
307
220
316
292
323
324
321
296
272
277
312
309
335
293
302
248
263
298
330
341
309
295
294
192
378
186
398
318
296
282
289
296
328
253
356
286
303
310
256
297
305
307
313
302
301
281
271
315
309
299
269
328
286
295
283
288
307
312
293
298
301
243
323
287
319
309
309
301
293
275
303
312
302
303
311
315
270
278
312
330
287
302
306
291
301
292
308
298
318
297
302
282
314
269
340
288
307
300
303
292
278
297
316
282
309
293
303
304
285
298
313
291
309
303
302
298
297
287
300
308
293
306
292
302
297
288
314
299
305
297
297
288
300
296
296
297
302
297
290
284
309
292
308
297
295
304
309
293
285
297
303
304
296
304
294
302
303
304
302
308
293
300
300
295
302
295
301
298
305
304
295
297
306
293
270
322
289
299
299
307
298
286
280
328
302
296
296
312
296
301
294
307
304
298
298
309
294
303
309
301
295
300
296
295
315
300
286
311
293
306
300
300
279
301
312
306
299
299
299
301
297
272
318
306
298
300
300
300
299
279
308
301
301
303
301
300
301
302
288
306
302
299
301
301
297
296
292
302
304
304
302
298
301
297
301
302
298
298
301
293
296
307
298
299
301
300
301
302
299
300
297
304
306
293
307
300
301
301
303
303
296
292
311
300
297
302
295
301
291
308
305
303
300
302
298
293
294
312
307
296
304
302
297
297
298
309
301
300
306
296
298
305
300
288
313
304
304
298
302
295
307
297
289
310
299
305
300
302
298
313
292
294
304
308
302
301
302
300
295
287
314
302
292
310
298
297
306
304
301
280
310
310
297
297
306
302
295
297
308
301
300
299
295
302
307
302
301
295
295
311
300
300
292
305
294
306
292
299
304
302
293
305
302
297
305
288
308
302
303
293
303
291
308
304
295
276
309
257
309
271
279
280
245
390
353
305
266
244
337
269
298
349
264
372
192
418
250
386
292
386
219
285
252
352
365
305
344
221
295
272
383
272
356
257
334
163
405
272
353
304
273
289
276
319
287
318
344
292
286
260
337
286
330
296
297
296
276
327
312
296
316
320
286
277
320
284
279
322
316
298
325
263
276
325
290
289
309
299
316
288
295
300
311
295
285
309
282
297
293
321
295
287
303
308
291
298
305
282
307
302
303
294
294
298
284
302
290
296
315
292
276
332
287
294
290
309
307
295
297
297
315
286
300
311
302
266
297
296
320
283
298
301
303
278
319
300
294
295
302
314
303
293
302
303
308
306
295
311
288
280
311
305
314
290
303
305
290
302
290
310
303
280
302
308
306
304
280
323
304
288
302
300
297
296
310
292
299
288
296
303
299
293
294
297
299
300
299
283
312
295
288
299
296
296
302
285
294
303
298
297
279
300
302
291
290
293
293
292
272
288
304
287
295
290
292
295
294
290
285
315
288
301
314
301
300
304
297
299
284
315
298
311
301
298
280
303
291
304
307
302
301
303
305
305
289
304
316
307
307
307
308
304
309
307
301
309
313
307
311
298
315
314
312
312
307
301
313
307
314
309
309
301
318
306
312
308
308
306
303
293
307
309
307
299
300
289
298
314
309
306
301
305
303
293
318
302
301
295
305
316
300
315
303
307
307
291
297
322
304
307
307
305
298
303
290
317
305
309
302
305
296
296
316
297
305
293
315
291
312
302
305
284
317
304
288
317
302
301
301
294
296
312
289
306
303
307
274
323
301
305
301
296
284
313
309
298
303
303
302
302
298
269
317
298
313
304
299
283
315
303
296
301
307
300
295
297
293
301
305
302
297
294
302
299
300
302
298
297
289
298
298
303
294
299
304
288
303
288
309
297
291
309
297
298
289
299
300
297
304
293
285
312
299
280
294
308
310
301
299
301
301
243
331
297
290
308
255
355
308
313
278
288
267
368
289
327
240
326
306
311
275
301
290
336
234
353
293
328
317
264
282
330
261
379
306
302
278
299
279
321
292
317
303
305
286
273
312
284
296
320
304
298
292
272
260
341
294
307
307
295
286
262
318
293
297
298
295
293
278
301
275
315
303
291
293
295
270
301
300
303
287
308
290
292
283
296
294
309
302
295
298
311
275
276
318
303
293
304
272
323
276
305
291
314
298
301
279
297
303
297
301
301
295
293
288
303
301
294
300
301
282
302
283
312
302
308
279
314
305
297
285
296
303
313
286
305
311
286
310
289
302
275
333
300
300
297
300
301
309
291
