292
291
310
293
294
309
298
296
301
287
292
308
305
295
301
296
304
292
299
298
293
293
274
316
303
277
312
283
310
266
318
294
296
312
271
344
275
281
323
250
332
294
318
342
261
300
325
316
286
303
301
304
309
288
265
262
339
313
330
295
292
304
272
300
302
290
320
294
329
266
278
328
290
305
298
229
336
308
326
323
275
306
309
269
333
284
323
298
290
315
267
293
328
282
311
305
295
292
307
283
280
317
309
318
276
290
316
314
299
301
307
325
276
318
301
269
306
305
307
298
292
311
272
293
305
302
297
297
310
283
312
316
289
296
300
292
304
320
297
283
309
288
305
298
296
293
316
310
299
295
299
303
291
308
296
282
303
325
304
303
296
293
305
277
306
309
302
299
295
300
285
296
311
281
305
301
293
304
307
302
294
301
297
277
321
287
307
303
300
289
314
278
305
303
292
308
313
293
300
272
310
316
315
304
275
308
304
307
303
286
297
316
288
305
320
308
289
301
306
291
293
303
307
291
310
297
305
275
298
304
297
309
303
291
312
291
314
289
303
306
304
274
307
293
314
307
302
283
316
297
303
294
306
289
308
307
292
307
302
300
295
285
291
307
295
302
309
305
304
298
290
285
307
306
289
304
305
304
299
293
298
300
291
293
303
299
304
308
304
289
304
304
295
305
299
302
293
300
302
303
298
292
307
295
303
301
302
304
306
301
296
296
307
299
302
305
299
299
302
299
300
295
297
302
299
299
304
292
298
296
297
309
304
296
301
298
294
300
306
299
296
298
302
299
297
297
297
300
302
301
298
302
301
293
290
305
303
293
300
304
297
299
298
301
298
302
302
298
302
298
300
297
302
301
298
294
300
309
303
299
299
300
301
301
301
298
292
298
300
292
296
304
305
298
301
300
299
301
293
305
302
296
298
294
305
300
302
302
295
302
299
300
306
296
302
305
301
301
295
299
304
297
300
301
300
301
298
296
300
308
295
292
294
291
299
301
309
292
294
295
308
301
313
266
313
299
322
303
308
250
324
291
279
326
278
321
277
266
338
285
327
231
314
315
317
340
272
325
333
285
308
256
312
362
260
329
261
317
300
304
292
298
291
250
326
286
330
336
273
325
211
282
320
301
311
284
337
277
293
302
292
317
268
339
290
351
291
290
325
294
298
296
275
292
304
314
294
278
308
267
297
325
313
289
306
298
293
292
254
357
277
335
305
278
322
252
316
319
274
313
283
288
334
274
348
278
241
366
295
334
312
297
254
288
297
329
278
321
281
307
314
287
311
277
307
316
269
317
314
309
283
311
275
303
319
274
330
314
270
307
301
277
295
308
300
326
295
291
297
318
264
281
324
314
288
319
268
328
297
320
297
292
286
314
288
303
318
297
306
301
300
296
277
294
335
284
290
314
286
309
302
291
295
319
265
316
310
291
306
299
290
285
318
300
310
303
277
307
308
302
300
298
304
301
287
317
292
298
304
302
294
298
299
295
294
307
294
306
309
298
298
302
301
303
292
287
311
302
306
298
303
303
301
297
299
298
302
306
300
295
297
307
297
304
303
294
297
300
304
304
301
298
305
301
298
297
291
295
300
301
303
296
295
303
299
300
298
295
295
279
302
309
294
303
299
300
302
292
300
303
297
296
303
298
299
297
299
298
301
297
300
298
301
296
293
306
294
299
296
299
299
298
299
299
301
299
301
299
296
301
298
303
291
294
302
300
302
301
305
301
301
298
292
301
304
297
306
302
301
297
296
303
301
295
299
303
304
299
298
300
304
303
289
310
297
296
294
304
298
307
299
303
299
302
301
300
299
301
298
296
301
297
302
299
297
301
301
302
291
305
303
297
294
301
303
305
294
297
302
299
299
302
294
294
302
293
298
289
287
310
289
284
309
294
287
329
306
292
314
280
296
275
294
317
246
312
347
293
328
294
300
268
252
377
311
310
262
299
336
238
312
302
344
318
288
326
300
283
295
288
282
294
286
336
290
272
288
307
306
321
296
246
347
297
336
283
236
380
271
317
323
253
319
289
290
348
291
286
309
297
312
290
311
283
318
267
269
359
304
321
307
289
255
257
342
339
300
293
272
237
315
284
315
371
290
307
277
250
315
318
301
310
332
289
291
286
316
278
313
286
329
298
244
330
298
319
301
279
320
319
247
309
296
254
339
307
305
321
268
294
309
299
329
244
322
287
318
323
317
279
268
322
315
267
306
313
305
320
286
311
252
275
363
296
316
303
287
281
275
299
273
339
339
295
301
272
272
317
288
321
