300
259
332
283
318
290
308
305
250
330
308
306
275
304
308
282
321
280
311
308
289
315
301
295
285
307
299
298
305
300
298
304
276
315
303
310
301
293
306
292
301
295
306
303
305
293
304
304
302
292
302
305
301
294
304
294
300
295
291
307
303
302
299
300
302
298
300
305
290
306
301
288
306
302
297
301
301
302
300
298
305
301
300
299
302
302
301
301
302
294
299
298
301
302
299
303
305
290
306
306
295
301
299
301
300
296
299
307
300
300
301
300
292
301
304
300
297
298
298
298
301
293
304
302
298
302
299
299
299
299
302
301
305
304
291
300
302
304
299
306
297
289
306
299
290
314
312
303
301
303
299
304
299
299
298
299
299
301
301
297
299
298
301
300
298
297
302
295
299
299
297
300
304
298
297
298
302
299
300
301
299
298
303
297
299
299
295
301
299
303
297
297
297
298
301
301
299
301
300
299
298
296
302
300
296
302
299
299
298
301
298
301
300
297
302
302
301
297
300
301
300
300
297
300
300
300
299
300
299
300
303
295
298
303
298
300
298
296
300
296
300
300
300
300
304
297
298
299
300
303
297
301
300
301
298
301
299
300
298
300
303
301
301
298
296
299
300
301
300
300
303
298
303
299
306
296
298
300
301
301
299
300
302
300
300
299
302
300
303
296
301
301
299
301
298
300
297
302
297
298
301
300
300
301
301
297
300
302
304
301
297
297
299
300
300
301
298
298
300
300
300
300
301
301
298
303
297
300
300
301
298
302
300
300
299
302
301
297
296
299
296
298
298
297
290
290
297
311
303
307
301
297
281
314
282
304
305
239
326
295
243
358
304
328
262
293
313
269
345
282
323
323
296
314
276
317
296
267
347
298
298
303
307
271
315
284
300
311
288
314
308
305
274
262
293
281
316
315
334
275
323
300
265
328
295
283
325
305
272
307
306
265
332
307
299
299
283
322
291
300
318
292
305
308
292
309
286
310
315
279
311
309
293
302
304
282
303
312
302
304
303
283
317
299
305
305
302
288
309
306
288
304
308
302
301
297
295
303
306
294
306
305
286
306
306
298
307
301
298
295
305
301
297
299
308
302
295
300
292
305
298
301
304
298
300
297
302
300
297
300
301
304
300
297
309
298
293
301
302
298
296
305
302
301
295
302
299
302
297
305
298
294
307
299
298
301
297
304
298
298
303
298
300
304
300
298
295
297
305
303
296
302
301
303
298
302
298
299
300
294
303
303
300
294
301
303
299
298
299
299
294
304
301
300
299
296
301
300
298
297
297
298
300
303
300
298
304
295
300
300
297
298
302
299
299
300
307
306
291
296
300
298
294
304
309
298
301
303
303
300
296
302
302
296
302
302
297
300
298
301
300
300
301
296
302
303
301
298
296
304
298
298
302
303
297
296
296
301
297
302
298
297
303
297
298
301
298
297
299
305
297
298
302
299
300
297
298
306
294
299
300
300
300
300
299
302
297
299
298
300
300
300
300
303
295
300
300
297
299
297
299
299
301
301
301
301
300
299
303
301
298
300
300
302
295
299
300
300
305
298
302
301
297
301
303
300
300
299
301
299
299
299
301
300
300
299
297
300
304
296
299
299
302
299
301
300
297
303
300
298
303
296
299
300
303
299
301
301
302
295
300
302
301
302
297
301
302
299
297
297
299
299
298
295
288
298
291
295
302
286
293
309
290
292
313
272
312
267
313
354
265
292
239
361
324
242
351
335
293
302
324
288
321
254
325
324
286
308
312
294
293
288
316
285
285
321
277
313
318
275
316
300
294
318
270
292
321
306
294
312
302
264
275
345
298
319
304
271
317
291
299
320
306
300
300
290
277
324
300
297
309
304
299
276
313
310
306
296
303
298
301
292
287
314
298
300
296
301
300
293
306
307
289
299
296
301
301
290
301
308
305
299
300
297
297
297
302
303
301
300
298
303
299
303
300
303
294
304
303
304
298
299
302
303
301
298
297
293
303
309
298
299
305
307
312
293
299
298
289
300
292
295
302
300
302
302
295
297
299
296
298
305
291
307
304
302
295
302
300
299
298
287
295
304
301
296
293
303
303
304
298
298
299
302
300
303
299
301
303
296
300
300
300
309
295
295
308
296
297
301
299
298
308
301
279
308
316
307
300
304
299
298
301
302
295
300
300
302
301
298
297
307
296
296
300
301
301
296
300
301
299
298
296
306
297
295
301
299
301
297
303
291
299
299
301
299
297
297
301
289
295
296
294
299
299
291
296
299
300
297
298
298
304
299
302
300
300
298
297
302
