299
300
300
300
303
302
299
296
300
298
299
299
301
302
301
305
296
295
298
299
299
300
300
300
303
312
298
305
292
302
288
295
301
305
318
318
305
296
283
297
322
329
306
299
283
298
341
296
333
264
262
309
313
326
324
287
246
279
315
324
281
320
298
264
307
274
288
293
304
296
284
300
298
308
298
290
304
288
307
306
297
291
306
300
301
302
307
306
301
280
299
304
293
319
304
272
309
280
307
284
322
303
306
289
281
278
313
297
322
297
298
274
319
299
288
295
313
315
299
278
296
293
280
339
310
298
297
294
265
310
317
291
312
301
306
298
279
288
316
307
307
309
285
302
260
315
315
301
309
310
288
297
310
305
302
310
303
305
302
305
278
312
300
303
295
296
305
304
298
302
291
299
306
300
292
303
302
302
280
300
311
305
300
302
303
298
303
289
303
293
307
301
301
302
301
301
301
295
297
305
304
304
302
299
301
302
295
301
305
303
302
301
301
299
300
299
299
298
303
296
297
299
301
301
300
301
303
297
298
302
302
299
300
299
298
300
298
300
300
300
300
300
293
301
301
298
298
300
297
300
302
302
300
300
301
299
301
301
304
300
298
308
296
297
303
297
303
297
301
301
302
301
313
296
296
300
300
299
299
298
299
300
301
299
304
306
307
311
311
309
308
307
306
305
305
304
304
304
302
301
301
300
301
300
301
301
300
299
300
299
299
299
298
298
298
299
299
296
298
299
297
298
298
298
298
296
298
298
299
299
298
299
298
299
299
298
298
298
297
297
297
297
298
297
297
297
296
297
299
298
298
296
298
298
298
298
296
299
298
298
298
297
298
298
299
300
299
298
298
299
299
298
298
299
298
299
298
299
299
298
298
300
299
299
298
298
298
298
299
299
299
300
299
300
300
300
300
299
300
298
299
300
299
300
301
299
299
300
298
301
299
299
300
300
301
300
299
301
302
300
300
298
299
302
300
299
302
311
292
299
315
295
304
305
305
303
284
309
329
321
290
268
304
271
295
352
328
297
296
262
273
305
325
292
302
332
249
285
341
270
306
261
321
298
312
261
300
318
283
295
284
284
318
303
275
301
316
285
287
300
304
295
280
308
297
305
308
276
280
305
289
282
313
301
295
302
280
295
313
294
298
297
302
297
284
283
301
307
292
321
310
290
278
282
314
326
299
313
297
277
269
313
309
317
277
322
300
280
302
292
316
331
302
302
302
285
280
310
277
341
316
285
323
286
282
292
321
332
306
300
308
304
296
256
313
324
304
310
318
297
288
304
278
318
316
288
309
300
304
310
289
286
312
294
305
321
294
284
294
303
287
296
333
311
295
287
308
300
295
284
319
307
305
294
286
296
315
274
321
312
308
294
297
281
316
295
295
314
321
291
300
298
291
292
300
304
296
316
307
306
301
301
291
295
302
304
306
300
302
302
301
300
296
299
304
303
307
298
300
302
302
301
296
300
304
299
302
300
300
302
301
298
299
302
302
296
295
297
297
300
300
300
299
298
296
296
298
298
297
298
297
303
298
298
298
300
296
297
296
297
298
305
300
299
296
295
298
298
299
299
302
301
308
300
292
298
300
299
299
300
302
305
297
300
301
297
299
300
301
300
300
308
302
303
301
297
301
302
300
300
302
305
308
292
298
298
300
302
300
306
299
299
299
298
298
299
301
299
303
303
299
298
298
299
299
303
298
305
301
296
296
298
298
301
298
303
301
304
296
297
302
300
302
299
300
302
298
302
301
300
304
298
298
300
303
301
312
287
294
299
296
298
303
313
297
293
300
299
303
310
297
299
302
297
302
301
300
304
301
301
302
301
312
290
292
302
301
300
303
309
302
303
300
301
304
299
305
278
305
313
334
292
273
300
303
310
309
315
272
297
308
293
311
295
310
295
266
302
292
300
332
286
327
280
281
308
302
309
307
301
287
291
303
302
301
270
318
317
273
296
319
292
280
299
303
308
301
284
327
263
313
300
305
300
294
308
323
268
312
287
296
293
312
309
300
289
283
307
313
332
288
295
312
285
290
263
300
331
296
315
285
320
265
298
290
351
305
303
295
289
309
264
290
327
275
313
302
295
303
299
276
304
315
280
316
292
288
317
303
261
314
309
291
307
308
304
299
283
309
286
306
296
305
299
306
296
298
282
290
320
292
305
287
307
303
286
285
307
293
307
302
299
300
300
282
301
309
301
306
299
303
300
291
293
301
305
304
303
300
301
301
296
298
298
307
298
300
297
300
297
302
300
298
300
305
300
301
297
296
300
