291
307
292
307
300
320
331
283
293
265
283
314
323
315
288
275
277
294
289
282
346
278
316
297
284
284
333
297
320
296
322
290
293
306
340
307
309
304
299
290
295
310
328
297
300
295
283
313
319
284
298
303
304
301
315
294
309
287
304
306
316
313
282
311
297
304
321
266
336
308
263
342
276
272
337
285
329
309
285
294
311
293
303
303
301
309
310
299
260
328
282
314
301
304
311
292
293
301
304
315
294
292
302
300
288
281
330
266
330
282
306
310
280
278
294
298
311
310
303
285
270
329
303
278
292
310
301
287
305
279
311
277
307
284
312
299
306
305
277
313
275
297
314
290
301
307
297
294
285
303
310
307
305
306
264
319
285
299
303
299
300
298
303
306
300
296
304
286
309
308
290
302
298
295
305
291
303
297
299
308
298
296
307
292
297
295
305
298
296
300
290
301
298
301
304
302
297
307
288
291
304
314
292
305
299
295
292
298
302
302
303
288
301
305
301
296
306
295
300
302
293
298
296
295
297
307
306
300
293
296
293
302
301
310
306
294
297
301
296
301
309
302
300
302
285
290
307
302
308
301
296
303
299
297
300
300
305
300
304
304
293
302
297
299
298
305
301
306
301
295
301
297
302
298
306
305
299
298
303
299
295
301
302
297
305
304
302
297
299
305
293
303
302
300
303
305
304
297
296
302
299
299
299
303
304
300
298
302
296
300
304
302
300
302
302
308
292
299
298
303
295
302
298
305
301
298
297
298
297
301
301
302
311
295
297
299
300
297
297
302
304
299
307
295
301
297
296
294
301
298
302
302
307
297
298
299
296
304
299
303
301
298
300
301
302
301
299
299
299
301
302
304
296
301
297
297
304
300
301
298
303
301
300
299
299
299
299
306
298
302
301
296
303
299
298
313
292
303
302
302
319
292
311
283
307
316
288
308
299
347
266
308
302
301
277
318
316
295
320
295
324
266
280
319
289
313
315
293
302
314
287
283
317
295
324
274
309
296
287
317
301
323
287
287
299
332
294
297
322
286
288
310
330
294
284
313
287
313
299
294
308
321
289
279
311
291
305
300
314
298
283
300
299
305
306
305
321
284
291
307
304
299
297
304
315
309
295
296
299
315
306
306
314
287
289
304
302
289
295
322
293
286
305
295
288
311
306
299
289
297
313
289
307
308
282
316
298
288
296
306
289
291
315
296
280
309
304
281
307
302
284
326
290
295
294
294
297
298
308
293
303
292
296
305
304
282
302
298
312
299
280
312
301
291
302
294
302
293
287
303
296
305
296
300
289
297
294
292
298
314
298
296
294
296
300
293
297
298
303
297
295
291
292
299
304
297
297
296
301
302
296
296
297
288
305
299
293
310
301
298
304
298
299
297
299
284
305
309
302
298
304
297
295
296
298
300
299
293
300
304
298
298
299
300
296
302
296
295
300
298
300
303
295
294
302
297
293
294
298
295
302
296
300
300
292
289
292
296
302
291
301
300
290
289
293
302
296
298
297
292
293
297
299
300
294
293
295
295
298
296
298
299
294
293
301
298
318
298
294
290
291
296
292
299
322
292
291
290
292
298
298
296
303
312
305
288
291
292
298
309
312
290
293
304
298
294
299
301
303
300
314
302
296
295
303
300
299
305
301
313
295
297
302
305
304
303
302
304
300
305
297
304
302
304
308
303
297
297
306
297
305
305
301
304
300
312
303
300
297
301
300
307
305
304
301
306
299
296
303
304
303
308
295
303
307
310
295
294
305
306
311
299
305
297
298
301
304
305
304
301
312
297
297
297
308
303
299
308
305
302
301
304
300
301
305
301
303
301
299
300
301
306
302
303
300
311
297
314
300
309
303
290
316
315
306
307
298
304
299
325
312
274
316
289
295
321
291
318
329
274
284
322
311
285
306
349
252
325
285
283
337
291
317
282
310
343
236
320
321
292
303
271
325
267
349
298
266
338
268
281
317
301
313
301
307
309
270
326
297
303
303
302
333
269
293
291
326
270
299
312
312
295
289
298
305
302
314
314
304
278
308
285
287
301
300
314
318
282
276
299
300
277
302
313
311
293
283
300
288
324
291
312
299
286
301
308
316
300
296
298
294
285
307
296
316
289
306
288
295
288
300
289
290
315
311
294
307
298
289
304
288
301
309
297
300
308
287
288
287
314
296
305
296
295
307
289
305
298
288
302
299
314
297
292
300
293
298
299
293
305
310
279
306
301
289
289
307
308
300
291
293
308
297
300
300
301
289
283
309
306
298
304
306
299
294
288
295
308
298
297
