299
300
303
304
303
289
303
297
302
306
290
309
303
294
299
310
295
287
296
298
308
293
302
296
302
296
290
309
307
300
296
315
283
296
285
316
303
299
299
308
294
300
283
299
306
295
302
300
302
298
296
301
301
306
299
303
292
294
296
300
299
300
300
300
308
295
290
300
297
299
300
294
305
304
297
303
298
289
300
299
298
299
305
295
296
294
306
298
296
300
300
300
295
303
309
300
298
300
297
298
300
304
301
298
301
301
301
297
301
300
301
295
305
300
297
303
297
298
304
301
300
302
296
302
301
297
303
300
295
303
301
304
298
300
296
293
301
298
310
305
299
300
296
300
293
304
304
298
301
303
297
307
301
302
297
299
293
303
301
301
304
299
300
301
294
304
307
303
301
291
304
298
290
310
299
303
294
297
301
303
298
302
296
301
299
295
293
300
303
293
299
300
301
300
298
299
302
302
299
300
300
295
301
305
301
296
302
303
296
302
295
303
305
301
297
302
301
302
291
309
306
302
300
298
302
295
293
309
296
301
301
296
298
305
299
299
303
298
303
302
302
305
294
301
301
300
303
300
293
304
302
305
297
305
303
303
302
304
297
305
300
299
303
296
305
302
293
304
306
298
299
298
301
300
302
302
301
301
288
299
307
300
298
296
300
293
304
295
303
296
296
297
297
299
302
300
303
294
301
303
287
306
293
302
295
303
299
296
301
298
298
296
292
299
301
301
294
302
296
295
302
298
295
300
299
296
297
300
298
301
301
298
304
294
294
309
299
301
302
297
300
296
305
298
305
292
301
303
299
302
299
297
296
301
303
299
296
302
297
298
301
299
300
305
297
295
303
300
302
299
305
297
302
309
299
300
301
298
300
302
305
302
297
301
299
293
298
302
305
302
301
295
311
290
303
294
312
293
301
301
302
297
303
300
309
303
287
299
292
307
309
297
300
292
296
308
303
297
304
296
301
303
297
299
306
300
302
295
304
294
305
301
296
306
297
297
307
301
301
303
297
303
302
298
298
302
294
304
302
297
303
302
295
299
304
299
297
308
300
295
306
303
303
299
290
308
301
304
304
300
293
302
305
303
300
301
298
299
293
303
302
301
298
301
299
301
301
299
302
296
302
302
299
302
300
295
300
294
306
302
298
298
303
298
299
297
294
307
300
298
300
296
303
290
295
301
303
301
301
302
295
294
302
298
299
296
298
305
300
301
300
299
296
294
305
300
303
302
300
299
299
299
302
303
301
299
300
297
302
303
298
301
298
296
301
292
304
298
304
299
296
301
300
293
300
294
301
304
305
301
300
293
296
305
306
298
301
301
297
294
301
304
303
295
303
296
301
290
301
302
302
300
300
300
300
297
299
300
301
303
304
303
293
298
301
299
301
298
298
302
301
298
305
299
301
299
296
300
302
304
297
302
302
299
301
301
308
296
306
298
301
299
303
302
292
296
305
291
298
297
301
301
299
298
294
303
301
299
303
296
296
301
300
300
301
297
297
294
299
302
297
305
300
300
297
303
297
298
299
303
301
293
302
297
297
303
300
303
296
302
291
307
301
298
298
291
302
304
296
294
299
294
304
308
293
300
302
303
304
305
299
291
304
302
302
301
304
301
304
297
296
298
300
303
303
301
298
296
293
303
306
295
302
299
296
303
302
298
298
307
296
303
299
301
298
300
302
298
305
301
300
299
304
298
295
305
294
304
296
302
309
297
295
306
302
301
293
305
298
305
302
296
298
304
301
302
302
298
294
307
300
305
300
300
301
295
301
308
296
302
305
296
302
298
298
304
309
291
295
308
291
299
297
296
303
305
298
303
294
295
299
305
300
293
313
283
311
304
290
297
299
296
304
298
308
303
301
299
288
313
304
300
302
302
301
297
294
307
301
300
307
300
293
297
303
304
304
301
299
298
292
302
296
304
301
300
303
294
301
294
303
302
299
301
300
301
297
300
300
299
299
304
303
298
300
299
300
301
297
301
302
302
298
296
295
302
300
303
298
301
298
301
301
296
301
298
296
304
301
301
299
300
305
302
296
303
295
300
303
304
300
299
294
297
299
299
300
303
301
297
300
298
303
296
301
301
297
301
294
297
302
301
295
296
303
298
297
303
298
296
298
297
299
297
304
299
297
299
300
301
302
302
299
296
291
300
306
300
302
301
298
297
302
301
303
303
300
290
307
300
299
300
295
301
304
303
299
297
302
298
299
301
303
302
297
301
298
306
297
301
301
295
297
305
302
299
295
303
298
297
295
305
302
305
299
295
302
300
298
300
