303
298
293
300
294
316
293
279
317
285
323
292
312
297
299
303
281
322
289
318
292
297
290
306
312
304
291
296
307
292
303
293
310
295
288
321
304
275
253
261
337
318
307
331
285
239
251
275
358
336
317
312
315
303
255
260
285
328
322
307
305
303
263
285
284
304
303
310
329
284
301
275
276
320
306
304
267
296
283
315
300
317
276
303
277
299
312
311
320
301
292
277
286
302
317
300
320
270
290
294
314
300
320
281
309
288
293
325
292
304
309
286
280
298
303
347
283
297
289
302
292
313
309
361
273
298
285
285
308
313
328
289
294
279
301
306
306
297
332
292
297
300
300
293
310
324
287
298
306
305
292
300
330
285
313
290
297
304
302
293
296
313
293
295
291
297
296
310
294
309
295
322
281
278
312
292
314
305
307
294
297
309
304
310
289
295
300
312
300
321
296
283
311
298
307
306
320
285
295
299
305
297
336
284
315
292
291
310
304
313
304
281
310
298
313
307
306
320
279
296
302
307
307
319
300
281
306
286
288
321
289
313
315
312
281
306
287
298
312
302
282
311
318
292
292
301
303
294
304
295
297
300
302
290
300
313
318
298
289
293
281
304
304
307
297
299
316
298
304
275
286
296
319
310
289
300
289
310
307
238
324
325
317
331
281
301
281
279
315
293
315
324
315
309
258
320
306
315
308
304
293
317
279
290
331
299
281
311
286
299
342
282
292
278
291
296
302
303
293
311
300
300
283
289
287
294
304
300
301
319
287
285
286
289
309
330
268
297
296
302
310
298
281
307
274
297
292
306
310
300
290
300
293
291
311
294
297
310
272
304
297
290
298
285
288
291
315
285
309
296
272
317
297
308
292
334
292
288
294
294
302
299
313
301
293
296
289
291
296
303
307
289
309
289
298
299
303
297
301
296
291
312
289
323
296
287
293
293
325
291
294
309
291
296
297
303
298
294
303
298
302
302
304
291
308
290
310
305
289
296
311
310
293
289
293
305
306
309
292
298
315
289
309
299
295
277
297
317
305
314
282
283
316
293
305
274
335
253
321
313
304
311
286
297
272
291
319
304
313
287
295
277
282
232
280
322
360
316
314
308
264
220
293
375
343
320
284
277
260
361
290
264
329
314
332
323
326
212
256
305
312
342
326
352
285
236
273
311
302
295
371
258
302
290
273
300
318
295
315
281
283
295
314
290
313
301
287
294
290
309
295
320
350
297
257
284
293
309
321
346
283
293
274
289
308
326
307
310
294
295
277
291
297
331
312
316
300
278
269
294
305
327
309
337
274
294
274
286
314
302
317
329
287
295
277
289
310
315
312
312
307
287
288
277
297
316
316
314
311
280
285
286
301
307
324
313
335
267
293
288
312
311
299
305
288
300
325
310
303
286
265
301
306
322
295
332
325
264
291
305
301
312
318
317
300
298
286
293
296
309
326
304
291
300
296
307
314
289
296
309
316
285
305
283
342
275
313
283
278
309
307
345
280
302
285
295
339
285
310
300
290
329
287
319
314
284
311
295
304
320
283
303
293
299
305
276
278
345
302
310
306
279
309
286
295
329
291
292
284
302
308
286
309
282
306
309
311
309
276
296
291
307
307
283
307
286
304
289
299
262
315
307
272
319
313
298
306
293
295
263
283
305
292
330
295
295
283
283
293
296
290
296
298
308
294
296
279
303
292
310
294
314
284
298
293
293
282
305
300
274
312
299
288
309
279
289
289
308
291
331
288
316
273
317
280
299
294
282
314
299
291
309
304
298
299
295
304
294
283
309
319
293
280
305
285
282
318
302
312
281
314
311
285
311
297
303
295
310
297
304
288
311
301
303
299
290
311
284
326
298
295
300
309
309
288
292
310
299
304
321
275
287
334
264
302
278
288
304
292
287
312
293
319
299
311
296
296
302
268
334
294
312
308
293
333
262
265
303
326
309
299
212
331
331
296
308
310
302
251
304
268
325
321
309
359
286
233
305
313
308
305
320
279
296
298
305
308
304
328
278
291
286
321
315
334
300
284
279
291
301
303
319
317
330
260
301
289
307
308
301
306
318
316
281
300
303
300
318
305
311
275
292
305
311
321
303
279
281
306
302
309
335
286
284
289
287
308
313
316
315
286
286
273
307
327
332
316
305
264
296
305
305
337
277
313
292
306
302
327
271
288
305
307
312
312
282
293
301
297
309
305
333
279
289
298
293
312
310
293
293
302
289
300
325
289
308
293
299
303
316
298
298
293
300
308
300
321
323
278
300
298
302
332
279
301
307
304
317
293
320
