263
238
326
345
334
255
309
303
312
312
273
315
186
390
323
274
348
259
310
258
293
302
325
333
327
285
220
308
356
225
374
330
314
240
246
365
333
303
288
346
255
211
351
340
267
348
320
274
197
339
295
351
324
313
222
279
338
337
293
284
210
303
358
341
309
260
276
274
250
385
335
322
316
214
302
250
345
367
327
318
244
216
344
312
343
291
276
294
266
326
307
322
313
291
278
304
285
286
330
320
303
299
288
305
268
316
297
299
336
307
309
287
281
256
328
302
333
299
299
306
305
257
309
306
300
308
294
290
299
294
296
302
296
308
297
292
286
311
302
288
294
307
305
296
289
316
300
298
282
299
318
297
304
297
304
304
298
301
293
292
304
289
304
311
299
282
290
318
290
309
295
315
309
285
280
286
318
320
304
296
286
316
302
289
312
285
304
290
307
310
289
303
312
278
315
293
305
295
262
322
301
315
304
302
280
286
302
311
299
311
295
297
299
297
300
306
283
313
291
312
302
276
313
305
301
305
284
298
314
313
300
293
288
298
290
301
295
298
305
310
288
300
272
305
314
306
313
289
292
310
274
316
309
295
278
311
305
314
288
307
292
276
304
325
309
286
305
309
291
296
298
303
290
289
305
310
298
300
293
287
305
309
298
287
288
301
317
301
302
310
272
305
286
307
303
298
308
283
308
298
293
314
301
297
300
296
309
281
300
302
311
283
300
303
291
311
279
308
285
292
323
301
302
308
276
287
325
284
297
321
279
310
296
250
331
315
316
301
293
327
283
281
267
327
303
322
256
290
306
244
370
322
277
267
320
272
273
253
299
332
333
262
340
295
248
292
290
370
310
328
157
366
272
309
375
295
308
302
186
354
283
342
309
322
291
249
207
306
353
375
322
302
214
287
242
377
369
304
320
147
275
418
327
310
301
236
158
435
376
305
319
266
210
207
405
341
346
331
287
225
223
395
346
328
310
282
232
265
340
318
330
340
301
226
278
335
329
300
314
315
280
268
253
311
371
324
292
314
198
305
306
348
344
312
315
221
285
311
259
380
307
309
312
196
337
299
323
318
307
308
230
336
246
287
359
318
315
308
257
222
336
355
291
334
301
245
272
294
268
377
346
300
292
278
193
347
351
330
316
312
262
222
365
230
351
349
315
311
255
268
293
298
336
330
335
292
287
282
272
332
304
305
287
298
296
292
305
299
294
294
272
306
309
297
297
291
283
293
304
310
300
299
293
289
296
296
311
292
306
308
300
304
291
304
278
313
310
299
305
297
308
278
296
288
306
306
297
305
308
286
304
297
295
317
288
308
298
287
315
306
293
312
294
290
299
309
307
312
277
296
299
305
313
304
286
287
307
309
301
301
303
284
304
280
316
310
304
291
295
306
291
311
303
291
290
301
304
303
295
296
308
292
304
296
297
292
306
298
303
311
304
281
293
299
316
300
300
285
293
309
317
291
303
298
293
298
288
311
299
300
289
301
299
292
304
301
305
310
288
276
314
303
322
300
282
291
304
287
315
289
307
279
301
323
257
324
299
280
314
271
320
319
314
304
280
276
317
294
305
306
284
289
317
306
283
293
257
321
307
329
306
233
299
312
252
358
241
322
376
305
269
188
314
368
286
353
321
214
284
280
341
373
305
272
240
333
269
349
324
252
359
224
309
341
271
348
299
253
251
342
321
341
295
311
221
218
416
261
349
320
284
206
290
367
333
308
302
245
328
256
352
352
213
366
228
369
298
239
347
289
311
315
323
288
232
272
351
290
347
326
300
222
245
349
327
344
301
239
201
414
315
328
289
331
268
202
193
422
361
314
336
263
224
250
354
337
338
321
289
268
281
254
344
337
290
352
285
183
192
415
382
317
316
269
205
326
347
302
298
284
335
296
261
293
306
305
323
307
282
312
319
281
286
220
361
296
321
313
319
310
228
253
374
321
276
304
309
310
272
257
321
340
323
296
289
303
246
313
330
315
284
292
300
308
288
314
245
337
327
283
311
295
265
333
320
292
304
320
230
289
338
311
306
316
280
280
277
272
330
315
302
312
287
298
291
276
297
327
315
304
304
292
287
276
306
303
305
306
311
302
289
271
316
305
293
311
307
299
285
280
320
307
300
314
277
282
303
310
286
313
305
296
298
301
301
298
305
304
277
296
317
308
301
299
301
290
305
295
269
295
337
305
301
303
296
293
294
302
310
298
300
283
305
303
315
302
297
294
296
295
310
303
289
284
305
304
308
305
304
288
296
300
311
305
299
289
292
300
317
304
