303
302
301
299
302
305
283
296
308
298
302
298
303
298
280
298
278
314
309
308
304
292
298
275
282
303
316
313
291
291
316
318
302
293
294
294
290
322
294
307
292
290
300
334
286
300
300
312
293
306
292
306
299
304
306
298
296
299
300
315
290
306
300
297
297
303
297
312
298
293
301
296
307
295
308
300
293
306
301
306
298
301
306
290
297
305
303
307
291
299
304
305
281
302
303
307
300
301
293
302
291
297
312
305
294
305
309
277
310
298
303
299
304
304
321
281
297
307
292
303
309
299
305
295
304
296
301
294
320
291
299
298
296
299
297
293
310
308
296
295
299
299
291
304
296
299
299
312
296
295
303
298
299
305
295
301
296
292
304
301
305
303
294
301
292
297
310
295
305
302
298
303
300
301
294
297
301
310
294
301
300
298
296
299
302
304
302
300
304
293
297
300
302
297
298
297
299
301
299
305
316
286
292
295
301
297
301
305
309
299
300
297
301
298
296
301
303
309
293
298
296
301
301
301
300
300
300
302
297
303
298
301
304
299
298
297
303
301
300
299
307
298
300
304
299
300
289
306
304
301
295
301
297
302
298
300
297
296
303
297
301
303
301
306
298
295
300
305
302
301
302
297
301
289
301
299
303
303
300
299
301
288
305
303
303
299
300
297
296
292
297
305
299
302
299
301
297
301
298
299
300
296
305
299
298
300
300
293
302
297
294
300
300
300
302
297
292
293
307
302
299
301
298
301
299
299
301
302
299
301
300
301
297
292
297
306
302
301
297
299
300
302
297
300
303
302
299
296
300
300
304
290
300
300
302
293
302
302
299
299
299
300
304
302
301
299
296
305
304
291
305
294
305
298
300
301
299
298
299
300
304
301
300
294
303
301
293
302
296
296
298
298
302
299
292
292
300
277
293
308
306
311
312
283
293
287
284
300
318
309
303
287
286
314
299
315
310
315
303
280
295
313
299
310
315
293
303
283
299
304
311
307
299
295
304
293
308
307
302
309
303
285
302
306
310
307
293
296
307
298
297
296
291
307
300
304
302
313
282
288
312
300
306
293
302
302
294
297
307
303
307
299
295
293
304
296
304
305
290
300
299
300
308
294
308
295
301
292
302
315
299
299
292
311
297
310
284
302
300
306
302
303
301
302
295
303
311
313
292
295
293
298
321
288
310
298
293
297
297
293
305
306
287
315
308
293
299
302
299
304
298
300
317
289
288
307
301
295
304
301
303
298
304
295
313
296
306
296
302
305
299
297
306
297
301
309
295
295
303
300
310
293
302
292
309
307
297
296
294
297
307
292
302
306
305
294
297
298
301
299
295
299
299
305
301
297
292
296
300
297
301
304
306
293
294
299
300
297
301
294
301
308
298
294
303
298
298
297
300
304
302
304
301
297
301
298
299
298
299
305
299
303
293
305
299
300
304
297
302
309
299
298
301
299
303
297
302
302
305
299
304
299
295
305
304
302
302
305
298
293
293
307
304
303
299
303
296
302
291
304
302
301
302
295
300
298
298
302
300
300
302
300
300
301
298
298
303
300
299
302
302
301
301
297
303
301
300
298
302
301
296
300
300
299
300
302
304
298
300
301
302
301
298
305
300
295
304
300
301
300
295
300
305
296
303
299
304
297
302
301
300
299
298
301
301
304
295
298
302
296
303
308
295
298
299
296
304
298
301
301
301
296
301
302
299
296
303
300
296
304
300
296
299
304
298
304
304
294
302
296
299
300
301
303
293
302
299
295
303
300
300
295
304
299
298
299
298
290
303
296
296
319
304
301
304
284
289
290
304
297
283
320
314
310
304
281
292
301
295
302
307
306
302
301
291
311
301
305
294
304
314
294
296
305
311
297
309
295
295
300
306
297
308
303
297
307
298
302
297
306
295
307
300
305
301
297
298
303
300
305
300
299
299
298
314
279
293
307
299
303
303
297
318
289
287
298
317
295
301
333
292
323
267
280
306
300
301
326
292
272
305
299
291
297
313
297
292
291
301
293
298
302
303
287
315
293
300
295
300
310
304
302
305
300
284
302
315
301
319
281
320
286
297
308
303
310
308
302
279
295
304
295
323
310
285
285
305
289
299
320
294
304
289
297
293
295
305
308
287
296
295
301
292
294
299
317
291
294
305
293
293
313
297
295
298
299
293
307
298
295
312
302
289
292
303
300
303
296
290
303
296
294
298
301
304
298
294
300
296
301
293
295
297
299
299
296
300
300
295
300
299
299
300
298
302
301
304
304
295
298
301
300
301
301
300
300
305
304
301
304
